-	298827
13483	19
13506	15
13729	9
13735	2
13736	2
14120	28
14251	1
14572	14
14997	2
15065	1
17174	1
17402	1
17449	2
17486	2
17643	7
18952	14
18965	1
18969	32
18970	27
18971	1
18972	3
18973	8
18977	10
18978	5
18979	11
18980	8
18982	50
18985	5
18988	2
18991	27
18992	4
18994	3
18996	3
18997	3
18998	2
18999	4
19000	5
19004	23
19006	4
19009	1
19010	1
19013	1
20154	2
20933	1
20953	5
21208	11
21340	1
21407	1
21484	1
21826	8
22068	1
22107	4
22114	4
22116	5
22120	6
22123	13
22125	1
22127	16
22129	3
22130	3
22140	1
22141	5
22142	8
22143	5
22144	1
22146	5
22169	1
22170	20
22171	51
22180	4
22196	75
22249	4
22331	6
22372	1
22373	1
22805	3
22809	3
22811	5
22813	11
23203	1
23481	194
23541	1
23542	1
23704	1
23705	1
3541	2
8101	36
8121	32
8122	38
9848	2
9864	1
